[
  [
    106.34,
    4.65,
    -16.87,
    -45.96,
    -74.88,
    -18.63
  ],
  [
    106.34,
    4.65,
    -16.87,
    -45.96,
    -74.88,
    -18.63
  ],
  [
    106.34,
    4.65,
    -16.87,
    -45.96,
    -74.88,
    -18.63
  ],
  [
    106.34,
    4.65,
    -16.87,
    -45.87,
    -74.88,
    -18.63
  ],
  [
    106.34,
    4.57,
    -16.87,
    -45.79,
    -74.88,
    -18.63
  ],
  [
    106.34,
    4.57,
    -16.87,
    -45.79,
    -74.88,
    -18.63
  ],
  [
    106.34,
    4.39,
    -16.96,
    -45.79,
    -74.97,
    -18.63
  ],
  [
    106.34,
    4.04,
    -17.13,
    -45.35,
    -74.97,
    -18.89
  ],
  [
    106.34,
    4.04,
    -17.22,
    -45.17,
    -75.05,
    -19.42
  ],
  [
    106.87,
    4.04,
    -17.31,
    -45.26,
    -75.05,
    -19.51
  ],
  [
    106.87,
    4.04,
    -17.31,
    -45.87,
    -75.67,
    -19.51
  ],
  [
    106.78,
    4.04,
    -17.31,
    -45.87,
    -75.84,
    -19.33
  ],
  [
    106.87,
    4.04,
    -17.31,
    -45.96,
    -75.84,
    -18.72
  ],
  [
    106.96,
    4.04,
    -17.31,
    -46.4,
    -76.64,
    -18.98
  ],
  [
    106.43,
    5.0,
    -16.43,
    -37.08,
    -77.51,
    -18.89
  ],
  [
    107.05,
    5.62,
    -16.43,
    -33.57,
    -88.94,
    -19.59
  ],
  [
    107.22,
    5.62,
    -16.34,
    -44.73,
    -84.63,
    -19.51
  ],
  [
    106.61,
    5.71,
    -16.34,
    -34.98,
    -75.93,
    -19.51
  ],
  [
    106.43,
    5.8,
    -16.25,
    -27.07,
    -71.1,
    -19.59
  ],
  [
    106.17,
    10.72,
    -14.85,
    -19.95,
    -76.9,
    -19.68
  ],
  [
    106.17,
    31.72,
    -4.57,
    -37.0,
    -89.47,
    -19.33
  ],
  [
    106.17,
    58.0,
    9.84,
    -54.22,
    -103.97,
    -18.89
  ],
  [
    106.34,
    78.92,
    22.23,
    -64.95,
    -123.66,
    -18.63
  ],
  [
    106.34,
    90.7,
    30.14,
    -62.66,
    -140.53,
    -18.45
  ],
  [
    106.34,
    90.35,
    34.54,
    -57.65,
    -143.78,
    -18.45
  ],
  [
    106.34,
    82.0,
    35.68,
    -50.53,
    -147.65,
    -18.19
  ],
  [
    106.34,
    70.92,
    35.85,
    -39.55,
    -166.81,
    -18.1
  ],
  [
    106.34,
    59.41,
    35.85,
    -16.87,
    -166.72,
    -18.01
  ],
  [
    106.34,
    45.87,
    35.85,
    10.63,
    -166.64,
    -18.01
  ],
  [
    106.34,
    30.49,
    35.06,
    32.34,
    -166.64,
    -18.01
  ],
  [
    106.34,
    19.68,
    34.98,
    39.72,
    -166.11,
    -18.01
  ],
  [
    106.34,
    13.97,
    35.85,
    31.46,
    -166.28,
    -18.01
  ],
  [
    106.34,
    14.06,
    35.85,
    16.52,
    -166.02,
    -18.01
  ],
  [
    106.34,
    16.87,
    35.85,
    1.58,
    -166.11,
    -18.01
  ],
  [
    106.34,
    20.74,
    35.85,
    -15.9,
    -166.55,
    -18.01
  ],
  [
    106.34,
    24.78,
    35.24,
    -26.1,
    -166.55,
    -18.01
  ],
  [
    106.34,
    27.86,
    35.06,
    -31.99,
    -166.55,
    -17.4
  ],
  [
    106.34,
    29.97,
    35.06,
    -40.07,
    -165.93,
    -16.25
  ],
  [
    106.34,
    31.72,
    35.77,
    -50.18,
    -165.23,
    -15.73
  ],
  [
    106.34,
    33.92,
    35.85,
    -57.21,
    -161.8,
    -15.73
  ],
  [
    106.96,
    37.52,
    35.85,
    -66.7,
    -157.5,
    -15.55
  ],
  [
    107.13,
    43.68,
    35.85,
    -74.7,
    -151.78,
    -15.55
  ],
  [
    107.31,
    53.08,
    35.85,
    -79.98,
    -149.23,
    -15.9
  ],
  [
    107.31,
    64.24,
    35.94,
    -80.59,
    -147.3,
    -16.43
  ],
  [
    107.31,
    70.83,
    35.94,
    -87.8,
    -145.01,
    -16.52
  ],
  [
    107.31,
    72.33,
    35.94,
    -80.33,
    -135.87,
    -16.43
  ],
  [
    106.69,
    68.37,
    35.77,
    -52.2,
    -137.81,
    -15.64
  ],
  [
    107.05,
    57.83,
    35.77,
    -25.92,
    -141.32,
    -15.64
  ],
  [
    107.22,
    45.79,
    35.85,
    2.72,
    -143.26,
    -15.55
  ],
  [
    107.22,
    36.38,
    35.85,
    20.39,
    -144.14,
    -14.15
  ],
  [
    107.22,
    32.69,
    35.85,
    5.53,
    -143.43,
    -12.48
  ],
  [
    106.69,
    32.87,
    35.85,
    -23.46,
    -143.43,
    -12.48
  ],
  [
    106.69,
    35.94,
    35.85,
    -38.4,
    -141.15,
    -12.48
  ],
  [
    107.22,
    41.66,
    35.85,
    -50.8,
    -139.74,
    -12.48
  ],
  [
    107.22,
    49.83,
    35.85,
    -58.18,
    -139.57,
    -12.48
  ],
  [
    107.31,
    57.91,
    35.85,
    -64.59,
    -137.9,
    -13.0
  ],
  [
    107.31,
    64.07,
    35.85,
    -87.8,
    -133.15,
    -13.62
  ],
  [
    107.31,
    68.73,
    35.85,
    -110.65,
    -132.97,
    -13.53
  ],
  [
    107.31,
    72.68,
    35.85,
    -130.86,
    -138.95,
    -13.53
  ],
  [
    107.31,
    76.2,
    35.85,
    -139.74,
    -144.4,
    -13.53
  ],
  [
    107.31,
    78.13,
    35.85,
    -136.75,
    -140.71,
    -13.44
  ],
  [
    107.31,
    77.34,
    35.85,
    -119.79,
    -135.35,
    -13.44
  ],
  [
    107.31,
    76.55,
    35.85,
    -106.08,
    -134.73,
    -13.44
  ],
  [
    106.78,
    75.93,
    35.85,
    -93.77,
    -133.85,
    -13.44
  ],
  [
    106.61,
    69.87,
    35.77,
    -87.62,
    -133.68,
    -13.44
  ],
  [
    106.69,
    59.94,
    35.77,
    -78.13,
    -132.71,
    -13.44
  ],
  [
    107.13,
    50.36,
    35.85,
    -64.24,
    -132.62,
    -13.44
  ],
  [
    107.22,
    43.15,
    35.85,
    -51.5,
    -132.62,
    -13.44
  ],
  [
    107.22,
    38.93,
    35.85,
    -37.08,
    -135.43,
    -13.44
  ],
  [
    107.22,
    37.79,
    35.85,
    -40.16,
    -137.1,
    -13.44
  ],
  [
    107.22,
    38.32,
    35.85,
    -49.65,
    -140.09,
    -13.44
  ],
  [
    107.22,
    38.67,
    35.85,
    -60.82,
    -142.2,
    -13.44
  ],
  [
    107.22,
    38.75,
    35.85,
    -66.79,
    -141.06,
    -13.44
  ],
  [
    107.22,
    38.67,
    35.85,
    -67.14,
    -142.03,
    -13.44
  ],
  [
    107.22,
    38.49,
    35.85,
    -63.36,
    -141.32,
    -13.44
  ],
  [
    106.87,
    37.44,
    35.85,
    -54.93,
    -140.27,
    -13.35
  ],
  [
    106.61,
    36.82,
    35.85,
    -44.2,
    -136.14,
    -13.35
  ],
  [
    106.52,
    36.65,
    35.06,
    -34.27,
    -132.53,
    -13.35
  ],
  [
    106.52,
    36.65,
    34.98,
    -37.35,
    -125.24,
    -13.35
  ],
  [
    106.52,
    37.61,
    35.77,
    -56.68,
    -105.55,
    -13.35
  ],
  [
    106.43,
    38.75,
    35.85,
    -75.76,
    -102.91,
    -13.35
  ],
  [
    106.25,
    44.47,
    38.4,
    -85.51,
    -106.25,
    -13.35
  ],
  [
    106.34,
    56.25,
    47.46,
    -96.85,
    -112.93,
    -13.35
  ],
  [
    106.34,
    63.54,
    59.94,
    -112.32,
    -115.4,
    -13.35
  ],
  [
    106.34,
    66.18,
    76.28,
    -124.62,
    -117.68,
    -13.35
  ],
  [
    106.34,
    66.18,
    95.97,
    -129.72,
    -119.26,
    -13.35
  ],
  [
    106.34,
    64.51,
    111.7,
    -128.05,
    -119.7,
    -13.35
  ],
  [
    106.78,
    53.34,
    110.74,
    -121.2,
    -119.17,
    -13.27
  ],
  [
    107.22,
    33.92,
    96.32,
    -87.27,
    -121.55,
    -13.27
  ],
  [
    107.22,
    19.07,
    77.34,
    -58.71,
    -118.3,
    -13.27
  ],
  [
    107.22,
    9.49,
    59.06,
    -39.99,
    -112.14,
    -13.27
  ],
  [
    107.22,
    5.88,
    44.12,
    -24.52,
    -107.4,
    -13.27
  ],
  [
    107.22,
    5.71,
    33.75,
    -12.21,
    -104.32,
    -13.27
  ],
  [
    107.22,
    5.97,
    30.32,
    -13.71,
    -104.32,
    -13.27
  ],
  [
    106.87,
    9.66,
    36.73,
    -25.83,
    -107.4,
    -13.27
  ],
  [
    106.78,
    20.56,
    50.88,
    -52.11,
    -112.76,
    -13.27
  ],
  [
    107.22,
    28.3,
    69.25,
    -77.51,
    -115.83,
    -13.27
  ],
  [
    107.22,
    31.2,
    90.43,
    -94.3,
    -116.98,
    -13.27
  ],
  [
    106.87,
    31.2,
    113.81,
    -107.05,
    -117.07,
    -13.27
  ],
  [
    106.43,
    30.32,
    132.71,
    -111.79,
    -116.71,
    -13.27
  ],
  [
    106.43,
    25.92,
    136.31,
    -109.33,
    -119.09,
    -13.27
  ],
  [
    106.43,
    20.83,
    124.27,
    -94.57,
    -123.57,
    -13.27
  ],
  [
    106.43,
    18.45,
    100.01,
    -73.47,
    -123.75,
    -13.27
  ],
  [
    106.96,
    18.36,
    72.42,
    -47.46,
    -122.25,
    -13.27
  ],
  [
    107.13,
    18.45,
    50.0,
    -23.46,
    -117.33,
    -13.27
  ],
  [
    107.13,
    18.45,
    34.45,
    -5.09,
    -113.37,
    -13.27
  ],
  [
    107.13,
    19.16,
    26.63,
    3.07,
    -111.0,
    -13.27
  ],
  [
    107.13,
    19.59,
    27.5,
    2.46,
    -112.76,
    -13.27
  ],
  [
    106.96,
    19.77,
    33.92,
    -10.45,
    -115.22,
    -13.27
  ],
  [
    106.96,
    19.77,
    47.1,
    -25.66,
    -117.15,
    -13.27
  ],
  [
    106.96,
    19.33,
    66.44,
    -45.08,
    -119.44,
    -13.27
  ],
  [
    106.69,
    18.54,
    89.91,
    -67.14,
    -119.61,
    -13.27
  ],
  [
    106.43,
    18.54,
    113.2,
    -87.62,
    -120.32,
    -13.27
  ],
  [
    106.43,
    18.54,
    133.68,
    -102.91,
    -118.56,
    -13.27
  ],
  [
    106.43,
    18.45,
    147.3,
    -113.29,
    -115.04,
    -13.27
  ],
  [
    106.34,
    18.45,
    146.25,
    -112.41,
    -111.35,
    -13.27
  ],
  [
    106.34,
    18.36,
    131.83,
    -98.87,
    -111.62,
    -13.18
  ],
  [
    106.34,
    18.36,
    107.4,
    -75.05,
    -112.58,
    -13.18
  ],
  [
    106.61,
    18.36,
    80.15,
    -45.96,
    -111.88,
    -13.18
  ],
  [
    107.05,
    18.36,
    54.66,
    -17.05,
    -110.56,
    -13.18
  ],
  [
    107.05,
    18.36,
    36.38,
    3.07,
    -106.17,
    -13.18
  ],
  [
    107.13,
    19.16,
    24.6,
    14.41,
    -103.71,
    -13.18
  ],
  [
    107.13,
    19.68,
    22.67,
    7.2,
    -104.76,
    -13.18
  ],
  [
    107.13,
    21.26,
    23.64,
    0.08,
    -109.51,
    -13.18
  ],
  [
    107.13,
    26.45,
    31.46,
    -14.06,
    -111.53,
    -13.18
  ],
  [
    107.13,
    30.84,
    45.26,
    -39.02,
    -111.79,
    -13.18
  ],
  [
    107.13,
    31.72,
    64.86,
    -61.17,
    -112.58,
    -13.18
  ],
  [
    107.13,
    31.55,
    87.45,
    -79.27,
    -113.37,
    -13.18
  ],
  [
    106.78,
    31.46,
    108.8,
    -89.12,
    -114.08,
    -13.18
  ],
  [
    106.43,
    31.02,
    128.23,
    -93.86,
    -117.15,
    -13.18
  ],
  [
    106.43,
    30.93,
    138.16,
    -102.91,
    -118.74,
    -13.09
  ],
  [
    106.43,
    30.76,
    131.83,
    -99.14,
    -116.89,
    -13.09
  ],
  [
    106.43,
    30.76,
    112.14,
    -87.45,
    -117.24,
    -13.09
  ],
  [
    106.43,
    30.76,
    85.86,
    -65.74,
    -116.01,
    -13.09
  ],
  [
    106.52,
    30.76,
    63.45,
    -46.49,
    -111.0,
    -13.09
  ],
  [
    106.61,
    30.76,
    46.14,
    -29.7,
    -105.46,
    -13.09
  ],
  [
    106.96,
    30.76,
    34.18,
    -15.55,
    -99.93,
    -13.09
  ],
  [
    106.96,
    30.76,
    26.1,
    -6.32,
    -97.55,
    -13.09
  ],
  [
    106.87,
    30.93,
    22.76,
    -5.97,
    -95.36,
    -13.09
  ],
  [
    106.96,
    32.43,
    25.66,
    -14.94,
    -100.72,
    -13.09
  ],
  [
    106.96,
    32.6,
    35.15,
    -37.17,
    -103.62,
    -13.09
  ],
  [
    107.13,
    31.72,
    51.5,
    -52.47,
    -104.85,
    -13.09
  ],
  [
    107.13,
    31.46,
    72.86,
    -70.75,
    -105.99,
    -13.09
  ],
  [
    107.13,
    31.28,
    97.11,
    -87.01,
    -106.69,
    -13.09
  ],
  [
    106.52,
    30.76,
    116.98,
    -103.71,
    -107.57,
    -13.09
  ],
  [
    106.43,
    30.76,
    123.48,
    -110.12,
    -104.32,
    -13.09
  ],
  [
    106.43,
    30.58,
    121.55,
    -114.43,
    -103.53,
    -13.09
  ],
  [
    106.43,
    24.96,
    114.25,
    -108.72,
    -100.1,
    -13.09
  ],
  [
    106.43,
    14.5,
    99.84,
    -91.23,
    -100.01,
    -13.09
  ],
  [
    106.43,
    8.34,
    82.08,
    -72.15,
    -99.49,
    -13.09
  ],
  [
    106.43,
    5.62,
    63.19,
    -53.17,
    -97.38,
    -13.09
  ],
  [
    106.34,
    5.97,
    48.25,
    -40.51,
    -95.44,
    -13.09
  ],
  [
    106.25,
    9.84,
    45.87,
    -42.53,
    -96.59,
    -13.09
  ],
  [
    106.34,
    20.65,
    54.31,
    -61.96,
    -99.66,
    -13.09
  ],
  [
    106.34,
    28.12,
    66.88,
    -84.99,
    -102.83,
    -13.09
  ],
  [
    106.34,
    30.67,
    83.4,
    -99.49,
    -104.15,
    -13.09
  ],
  [
    106.96,
    29.61,
    101.86,
    -99.75,
    -104.94,
    -13.09
  ],
  [
    106.43,
    24.34,
    113.46,
    -105.38,
    -104.94,
    -13.09
  ],
  [
    106.43,
    17.13,
    112.23,
    -98.34,
    -103.44,
    -13.09
  ],
  [
    106.43,
    12.65,
    102.65,
    -86.13,
    -102.12,
    -13.0
  ],
  [
    106.43,
    11.86,
    87.45,
    -69.52,
    -100.63,
    -13.0
  ],
  [
    106.43,
    12.04,
    69.6,
    -50.97,
    -97.11,
    -13.0
  ],
  [
    106.43,
    12.21,
    53.78,
    -31.02,
    -94.04,
    -13.0
  ],
  [
    106.43,
    12.3,
    43.68,
    -13.0,
    -94.39,
    -13.0
  ],
  [
    106.43,
    12.48,
    41.22,
    -2.63,
    -95.62,
    -13.0
  ],
  [
    106.43,
    12.65,
    43.76,
    5.53,
    -100.1,
    -13.0
  ],
  [
    106.43,
    12.12,
    51.15,
    15.64,
    -106.61,
    -13.0
  ],
  [
    106.43,
    12.04,
    64.24,
    8.26,
    -108.19,
    -13.0
  ],
  [
    106.52,
    11.77,
    82.88,
    -15.46,
    -110.56,
    -13.0
  ],
  [
    106.43,
    11.6,
    103.18,
    -42.01,
    -112.06,
    -13.0
  ],
  [
    106.43,
    11.51,
    121.99,
    -68.81,
    -112.14,
    -13.0
  ],
  [
    106.43,
    11.42,
    134.73,
    -87.09,
    -111.09,
    -13.0
  ],
  [
    106.43,
    11.33,
    138.25,
    -95.18,
    -108.19,
    -13.09
  ],
  [
    106.43,
    11.25,
    131.13,
    -89.38,
    -106.87,
    -13.18
  ],
  [
    106.43,
    11.25,
    115.31,
    -74.35,
    -106.17,
    -13.18
  ],
  [
    106.43,
    11.25,
    96.76,
    -54.58,
    -105.29,
    -13.0
  ],
  [
    106.43,
    11.33,
    78.22,
    -32.34,
    -103.0,
    -13.0
  ],
  [
    106.43,
    11.77,
    62.66,
    -10.1,
    -101.6,
    -13.0
  ]
]